%YAML:1.0
cameraMatrix: !!opencv-matrix
   rows: 3
   cols: 3
   dt: d
   data: [ 1.0448119431658165e+03, 0., 9.3738707342848545e+02, 0.,
       1.0509811877529446e+03, 5.6888866501905761e+02, 0., 0., 1. ]
distortionCoefficients: !!opencv-matrix
   rows: 1
   cols: 5
   dt: d
   data: [ 6.0202933588242913e-02, -1.2391203824614032e-01,
       5.2971520830969940e-04, -1.5624349421876230e-03,
       5.2835022003569744e-02 ]
rotation: !!opencv-matrix
   rows: 3
   cols: 3
   dt: d
   data: [ 1., 0., 0., 0., 1., 0., 0., 0., 1. ]
projection: !!opencv-matrix
   rows: 4
   cols: 4
   dt: d
   data: [ 1.0448119431658165e+03, 0., 9.3738707342848545e+02, 0., 0.,
       1.0509811877529446e+03, 5.6888866501905761e+02, 0., 0., 0., 1.,
       0., 0., 0., 0., 1. ]
